settings = dict(
    structure=dict(
        s_structural_homogeneity=0.15,  # Probability of transverse connections
        p_structural_homogeneity=0,
        dysfunction_parameter=0.05,  # Fraction of dysfunctional cells
        dysfunction_probability=0.05,
        substrate_size=(200, 200, 1),
        refractory_period=50,
        seed=None
    ),
    sim=dict(
        pacemaker_period=220,  # pacemaker activation period
        runtime=1000000
    )
)

0.002876,	4105067254
0.59808,	987169466
0.59821,	1237756792
0.664546,	1182904761
0.889641,	577402800
0.758382,	2491194687
0.517823,	944879743
0.637824,	3977742806
0.990872,	3870885081
0.95806,	192077929
0.982449,	3791507968
0.967858,	4007707779
0.799262,	2290871978
0.669558,	2491741747
0.926745,	205357050
0.856844,	771645093
0.926929,	3249832709
0.991917,	3699772398
0.792117,	2026454166
0.781746,	3689019111
0.105764,	1592765850
0.999254,	2512610935
0.917073,	437581526
0.717281,	3725574859
0.986652,	1993021034
0.962187,	3231066660
0.970366,	2890787070
0.979861,	985400787
0.174089,	664902044
0.990238,	2856332557
0.943768,	4200161031
0.003676,	906110615
0.041899,	2050313800
0.975824,	3566218952
0.821343,	2673970741
0.91386,	3984868275
0.354927,	1725216394
0.911784,	498204013
0.760897,	999512871
0.997617,	3244298810
0.818933,	2808555012
0.30979,	3430142450
0.653817,	2486123418
0.889953,	2321793173
0.839406,	3249570884
0.015655,	267597572
0.00649,	2643383220
0.0,	1724618779
Average = 0.6952946458333334
Standard deviation = 0.3326494771262293